#RPLIDAR SCAN DATA
#COUNT=876
#Angule	Distance	Quality
34.2499 682.0 188
34.4971 686.0 188
34.8541 680.0 188
35.1563 676.0 188
35.4529 672.0 188
35.7605 670.0 188
36.0571 666.0 188
36.4197 662.0 188
36.7328 660.0 188
37.0294 658.0 188
37.3260 658.0 188
37.6392 656.0 188
37.9358 654.0 188
38.2324 654.0 188
38.5455 654.0 188
38.8422 652.0 188
39.1553 652.0 188
39.4519 652.0 188
39.7485 650.0 188
40.0616 650.0 188
40.3583 650.0 188
40.6549 648.0 188
40.9680 648.0 188
41.2646 648.0 188
41.5778 648.0 188
41.9183 646.0 188
42.2314 646.0 188
42.5281 646.0 188
42.8412 646.0 188
43.1378 644.0 188
43.4344 644.0 188
43.7476 644.0 188
44.0442 644.0 188
44.3408 642.0 188
44.6539 642.0 188
44.9506 642.0 188
45.2637 642.0 188
45.5603 644.0 188
45.8569 642.0 188
46.1700 642.0 188
46.4667 642.0 188
46.7798 642.0 188
47.0764 642.0 188
47.3730 640.0 188
47.6862 640.0 188
47.9828 640.0 188
48.2959 640.0 188
48.5925 640.0 188
48.8892 640.0 188
49.2023 640.0 188
49.4989 640.0 188
49.8120 640.0 188
50.1086 640.0 188
50.4053 640.0 188
50.7184 640.0 188
51.0150 640.0 188
51.3281 640.0 188
51.6248 640.0 188
51.9214 640.0 188
52.2290 642.0 188
52.5311 640.0 188
52.8278 640.0 188
53.1354 640.0 188
53.4375 642.0 188
53.7451 642.0 188
54.0417 642.0 188
54.3384 642.0 188
54.6515 642.0 188
54.9481 642.0 188
55.2612 642.0 188
55.5579 644.0 188
55.8545 644.0 188
56.1676 644.0 188
56.4642 644.0 188
56.7773 644.0 188
57.0740 644.0 188
57.3706 644.0 188
57.6837 644.0 188
57.9803 646.0 188
58.2935 646.0 188
58.5901 646.0 188
58.8867 646.0 188
59.1394 648.0 188
59.4525 648.0 188
59.7491 648.0 188
60.0458 648.0 188
60.3589 650.0 188
60.6555 652.0 188
60.9686 652.0 188
61.2653 652.0 188
61.5619 652.0 188
61.8750 652.0 188
62.1716 654.0 188
62.4792 654.0 188
62.7759 654.0 188
63.0780 656.0 188
63.3856 656.0 188
63.6823 658.0 188
63.9954 658.0 188
64.2920 660.0 188
64.5886 660.0 188
64.9017 660.0 188
65.1984 662.0 188
65.5115 662.0 188
65.8081 664.0 188
66.1047 664.0 188
66.3574 666.0 188
66.6705 666.0 188
66.9672 668.0 188
67.2638 668.0 188
67.5769 670.0 188
67.8735 670.0 188
68.1866 672.0 188
68.4833 672.0 188
68.7799 674.0 188
69.0930 674.0 188
69.3896 676.0 188
69.6863 678.0 188
69.9994 680.0 188
70.2960 680.0 188
70.6091 680.0 188
70.8398 684.0 188
71.1530 684.0 188
71.4496 684.0 188
71.7627 686.0 188
72.0593 688.0 188
72.3560 690.0 188
72.6691 690.0 188
72.9657 692.0 188
73.2788 694.0 188
73.5754 694.0 188
73.8721 698.0 188
74.1852 698.0 188
74.4818 700.0 188
74.7949 702.0 188
75.0311 704.0 188
75.3387 706.0 188
75.6354 706.0 188
75.9375 708.0 188
76.2451 710.0 188
76.5417 712.0 188
76.8384 714.0 188
77.1515 716.0 188
77.4481 718.0 188
77.7448 720.0 188
78.0469 722.0 188
78.2941 724.0 188
78.6072 726.0 188
78.9038 728.0 188
79.2004 730.0 188
79.5135 732.0 188
79.8102 734.0 188
80.1068 736.0 188
80.4034 740.0 188
80.7166 742.0 188
81.0132 742.0 188
81.2604 746.0 188
81.5625 748.0 188
81.8701 750.0 188
82.1667 752.0 188
82.4634 754.0 188
82.7655 758.0 188
83.0731 760.0 188
83.3698 762.0 188
83.6719 764.0 188
83.9795 768.0 188
84.2157 770.0 188
84.5288 774.0 188
84.8254 776.0 188
85.1221 780.0 188
85.4352 782.0 188
85.7318 784.0 188
86.0284 786.0 188
86.3416 790.0 188
86.5778 794.0 188
86.8854 796.0 188
87.1875 798.0 188
87.4841 802.0 188
87.7917 806.0 188
88.0884 808.0 188
88.3905 812.0 188
88.6981 816.0 188
88.9343 820.0 188
89.2474 822.0 188
89.5441 826.0 188
89.8407 830.0 188
90.1538 834.0 188
90.4504 838.0 188
90.7471 840.0 188
91.0602 844.0 188
91.2964 848.0 188
91.6040 852.0 188
91.9061 856.0 188
92.2028 860.0 188
92.5104 864.0 188
92.8125 868.0 188
93.1091 872.0 188
93.4167 876.0 188
93.7134 878.0 188
93.9661 884.0 188
94.2627 888.0 188
94.5593 892.0 188
94.8724 898.0 188
95.1691 902.0 188
95.4657 906.0 188
95.7788 910.0 188
96.0150 916.0 188
96.3281 920.0 188
96.6248 926.0 188
96.9214 930.0 188
97.2290 936.0 188
97.5311 940.0 188
97.7783 946.0 188
98.0750 950.0 188
98.3716 958.0 188
98.6847 962.0 188
98.9813 966.0 188
99.2780 974.0 188
99.5911 978.0 188
99.8438 984.0 188
100.1404 990.0 188
100.4370 998.0 188
100.7336 1004.0 188
101.0468 1010.0 188
101.3434 1016.0 188
101.6400 1022.0 188
101.8872 1028.0 188
102.2003 1036.0 188
102.4969 1042.0 188
102.7936 1050.0 188
103.0902 1056.0 188
103.4033 1062.0 188
103.6395 1070.0 188
103.9362 1078.0 188
104.2493 1084.0 188
104.5459 1092.0 188
104.8425 1102.0 188
105.1392 1108.0 188
105.4523 1114.0 188
105.6830 1122.0 188
105.9796 1130.0 188
106.2927 1142.0 188
106.5894 1150.0 188
106.8860 1158.0 188
107.1826 1168.0 188
107.4353 1178.0 188
107.7319 1186.0 188
108.0286 1194.0 188
108.3417 1202.0 188
108.6383 1214.0 188
108.9349 1224.0 188
109.4843 1232.0 188
110.6378 846.0 188
110.9344 832.0 188
111.2476 820.0 188
111.5936 814.0 188
111.9012 806.0 188
112.1979 800.0 188
112.5000 798.0 188
112.7966 794.0 188
113.1537 792.0 188
113.4503 788.0 188
113.7469 786.0 188
114.0601 784.0 188
114.3567 782.0 188
114.6533 782.0 188
114.9500 780.0 188
115.2631 778.0 188
115.5597 778.0 188
115.8563 778.0 188
116.1530 776.0 188
116.4496 776.0 188
116.7627 776.0 188
117.0593 776.0 188
117.3560 776.0 188
117.6526 776.0 188
117.9492 776.0 188
118.2623 776.0 188
118.5590 778.0 188
118.8556 780.0 188
119.1522 782.0 188
119.4653 788.0 188
119.7015 796.0 188
119.9982 804.0 188
120.3113 814.0 188
120.5420 824.0 188
120.8551 836.0 188
121.1517 846.0 188
121.7010 858.0 188
122.4207 968.0 188
122.7338 962.0 188
123.0304 960.0 188
123.3270 958.0 188
123.6237 954.0 188
123.9368 952.0 188
124.2334 952.0 188
124.5300 950.0 188
124.8267 946.0 188
125.1233 946.0 188
125.4803 944.0 188
125.7770 942.0 188
126.0901 942.0 188
126.3867 940.0 188
126.6833 940.0 188
126.9800 940.0 188
127.2931 940.0 188
127.5897 940.0 188
127.8864 940.0 188
128.1830 942.0 188
128.4796 942.0 188
128.7927 944.0 188
129.0894 944.0 188
129.3860 944.0 188
129.6387 946.0 188
129.9353 946.0 188
130.2319 948.0 188
130.5286 948.0 188
130.8417 950.0 188
131.1383 952.0 188
131.4349 952.0 188
131.7316 954.0 188
132.0447 958.0 188
132.3413 964.0 188
132.6379 980.0 188
133.1873 1002.0 188
134.1980 2396.0 188
134.4946 2392.0 188
134.8077 2384.0 188
135.1044 2384.0 188
135.4010 2388.0 188
135.7031 2380.0 188
136.0107 2380.0 188
136.3074 2388.0 188
136.6040 2392.0 188
136.9061 2392.0 188
137.2137 2420.0 188
137.5104 2452.0 188
137.8125 2456.0 188
138.1091 2456.0 188
138.6530 2520.0 188
138.9496 2504.0 188
139.2627 2488.0 188
139.5593 2488.0 188
140.1086 3028.0 188
140.4053 3028.0 188
140.7019 3028.0 188
141.0150 3028.0 188
141.3116 3024.0 188
141.6083 3028.0 188
141.9049 3028.0 188
142.2180 3024.0 188
142.5146 3028.0 188
142.8113 3028.0 188
143.1079 3028.0 188
143.4045 3032.0 188
143.7177 3032.0 188
144.0143 3028.0 188
144.3109 3028.0 188
144.6075 3028.0 188
144.9207 3048.0 188
145.1514 3076.0 188
145.4645 3084.0 188
145.7611 3084.0 188
146.0577 3088.0 188
146.3544 3088.0 188
146.6675 3092.0 188
146.9641 3092.0 188
147.2607 3096.0 188
147.5574 3096.0 188
148.3868 2080.0 188
148.6835 2080.0 188
148.9966 2080.0 188
149.2932 2084.0 188
149.5898 2080.0 188
149.8865 2072.0 188
150.1831 2072.0 188
150.4962 2072.0 188
150.7928 2076.0 188
151.0895 2076.0 188
151.3861 2076.0 188
151.6992 2072.0 188
151.9958 2072.0 188
152.2925 2076.0 188
152.5891 2076.0 188
152.9022 2076.0 188
153.1989 2076.0 188
153.4955 2076.0 188
153.7921 2080.0 188
154.1052 2084.0 188
154.4019 2088.0 188
154.6985 2096.0 188
154.9951 2096.0 188
155.3082 2100.0 188
155.6049 2104.0 188
155.9015 2104.0 188
156.1981 2108.0 188
156.4948 2108.0 188
156.8079 2112.0 188
157.1045 2116.0 188
157.4011 2124.0 188
157.6978 2128.0 188
158.0109 2128.0 188
158.3075 2132.0 188
158.6041 2136.0 188
158.9063 2140.0 188
159.2139 2144.0 188
159.5105 2152.0 188
159.8071 2152.0 188
160.1093 2160.0 188
160.4169 2168.0 188
160.7135 2176.0 188
161.0156 2176.0 188
161.3123 2180.0 188
161.6199 2188.0 188
161.9165 2188.0 188
162.2186 2192.0 188
162.5262 2196.0 188
162.8229 2200.0 188
163.1250 2204.0 188
163.4216 2212.0 188
163.7292 2220.0 188
164.0259 2224.0 188
164.2621 2236.0 188
164.5752 2240.0 188
164.8718 2248.0 188
165.1685 2256.0 188
165.4816 2260.0 188
165.7782 2268.0 188
166.0748 2280.0 188
166.3715 2296.0 188
166.6846 2304.0 188
166.9812 2312.0 188
167.2778 2320.0 188
167.5745 2328.0 188
167.8876 2348.0 188
168.1842 2364.0 188
168.4808 2368.0 188
168.7775 2376.0 188
169.0906 2384.0 188
169.3872 2388.0 188
169.6838 2384.0 188
169.9805 2388.0 188
170.2936 2396.0 188
170.5902 2404.0 188
170.8868 2408.0 188
171.1835 2404.0 188
171.4966 2408.0 188
171.7932 2416.0 188
172.0898 2420.0 188
172.4030 2428.0 188
172.6996 2432.0 188
172.9962 2436.0 188
173.2928 2444.0 188
173.6060 2452.0 188
173.8422 2460.0 188
174.1388 2468.0 188
174.4519 2480.0 188
174.7485 2484.0 188
175.0452 2492.0 188
175.3583 2496.0 188
175.6549 2504.0 188
175.9515 2516.0 188
176.2482 2524.0 188
176.5613 2532.0 188
176.8579 2544.0 188
177.1545 2556.0 188
177.4512 2568.0 188
177.7643 2580.0 188
178.3575 2588.0 188
179.2145 1280.0 188
179.5111 1276.0 188
179.8242 1270.0 188
180.1208 1258.0 188
180.4175 1250.0 188
180.7141 1244.0 188
181.0272 1236.0 188
181.3898 1228.0 188
181.6864 1220.0 188
181.9830 1214.0 188
182.2797 1204.0 188
182.5928 1196.0 188
182.8894 1192.0 188
183.1860 1182.0 188
183.4827 1176.0 188
183.8397 1170.0 188
184.1528 1164.0 188
184.4495 1158.0 188
184.7461 1152.0 188
185.0427 1146.0 188
185.3558 1140.0 188
185.6525 1134.0 188
185.9491 1128.0 188
186.2457 1122.0 188
186.6083 1116.0 188
186.9049 1110.0 188
187.2180 1104.0 188
187.5146 1100.0 188
187.8113 1094.0 188
188.1079 1088.0 188
188.4210 1082.0 188
188.7177 1076.0 188
189.0143 1072.0 188
189.3713 1068.0 188
189.6680 1062.0 188
189.9811 1060.0 188
190.2777 1054.0 188
190.5743 1048.0 188
190.8710 1046.0 188
191.1841 1040.0 188
191.4807 1036.0 188
191.7773 1032.0 188
192.0740 1028.0 188
192.4365 1024.0 188
192.7332 1020.0 188
193.0463 1014.0 188
193.3429 1018.0 188
193.6395 1024.0 188
193.9362 1024.0 188
194.1833 1030.0 188
194.4800 1036.0 188
194.7766 1044.0 188
195.0897 1050.0 188
195.3864 1056.0 188
195.6830 1062.0 188
195.9357 1070.0 188
196.2323 1078.0 188
196.5289 1088.0 188
196.8420 1096.0 188
197.1387 1104.0 188
197.4353 1110.0 188
197.6825 1120.0 188
197.9791 1128.0 188
198.2813 1138.0 188
198.5779 1148.0 188
198.8855 1156.0 188
199.1821 1166.0 188
199.4348 1178.0 188
199.7314 1186.0 188
200.0281 1198.0 188
200.3247 1210.0 188
200.6213 1220.0 188
200.8740 1230.0 188
201.4838 1242.0 188
202.6868 6560.0 188
202.9834 6624.0 188
203.2800 6688.0 188
203.5931 6744.0 188
203.8898 6792.0 188
204.1864 6920.0 188
204.4830 7064.0 188
204.7961 7128.0 188
205.0928 7168.0 188
205.6860 6792.0 188
205.9991 6816.0 188
206.2958 6832.0 188
206.5924 6808.0 188
206.8890 6792.0 188
207.2021 6784.0 188
207.4988 6728.0 188
207.7954 6760.0 188
208.0920 6840.0 188
208.7018 6816.0 188
209.5422 8280.0 188
212.0142 806.0 188
213.7500 11784.0 188
214.0576 11744.0 188
214.6509 11736.0 188
214.9530 11736.0 188
215.2496 11784.0 188
215.7935 12312.0 188
216.1066 12344.0 188
216.4032 12328.0 188
216.6998 12368.0 188
217.0624 12248.0 188
217.3590 12072.0 188
217.6666 11960.0 188
218.2654 10672.0 188
218.5620 10600.0 188
219.4684 10536.0 188
221.7480 756.0 188
222.0447 748.0 188
222.4017 744.0 188
222.7148 742.0 188
223.0115 736.0 188
223.3081 734.0 188
223.6047 732.0 188
223.9178 730.0 188
224.2145 728.0 188
224.5111 726.0 188
224.8242 724.0 188
225.1703 722.0 188
225.4834 722.0 188
225.7800 722.0 188
226.0272 724.0 188
226.3239 726.0 188
226.6205 726.0 188
226.9336 726.0 188
227.2302 726.0 188
227.5269 726.0 188
227.8235 726.0 188
228.1366 726.0 188
228.4332 728.0 188
228.7299 730.0 188
229.0430 732.0 188
229.3396 736.0 188
229.6362 740.0 188
229.9329 742.0 188
230.1855 746.0 188
230.4822 752.0 188
230.7953 758.0 188
231.0919 764.0 188
231.9324 778.0 188
233.0310 12088.0 188
233.3276 12040.0 188
233.9374 12024.0 188
234.8438 12032.0 188
235.8545 5784.0 188
236.7499 5664.0 188
237.1674 4024.0 188
237.4640 4000.0 188
237.7606 4000.0 188
238.0737 4000.0 188
238.3704 4008.0 188
238.6670 4008.0 188
238.9801 4008.0 188
239.2767 4008.0 188
239.5734 4008.0 188
240.4797 4008.0 188
243.8855 612.0 188
244.2480 596.0 188
244.9677 560.0 188
245.3741 546.0 188
245.7312 532.0 188
246.0938 518.0 188
246.4508 505.0 188
246.8079 494.0 188
247.2144 482.0 188
247.5769 471.0 188
247.9340 461.0 188
248.2965 451.0 188
248.6536 442.0 188
248.9996 432.0 188
249.6533 427.0 188
250.2631 426.0 188
250.5597 425.0 188
250.8563 425.0 188
251.1530 426.0 188
251.4496 427.0 188
251.7462 428.0 188
252.0593 429.0 188
252.3560 430.0 188
252.6526 431.0 188
252.9053 432.0 188
253.2019 432.0 188
253.4985 433.0 188
253.7952 434.0 188
254.0918 434.0 188
254.3884 435.0 188
254.7015 437.0 188
254.9982 438.0 188
255.2948 438.0 188
255.5914 439.0 188
255.8386 440.0 188
256.1353 441.0 188
256.4374 443.0 188
256.7340 444.0 188
257.0306 444.0 188
257.3438 445.0 188
257.6404 446.0 188
257.8711 448.0 188
258.1842 449.0 188
258.4808 450.0 188
258.7775 451.0 188
259.0741 452.0 188
259.3707 453.0 188
259.6838 454.0 188
259.9200 456.0 188
260.2167 457.0 188
260.5133 458.0 188
260.8264 459.0 188
261.1230 460.0 188
261.4197 462.0 188
261.7163 463.0 188
261.9635 465.0 188
262.2656 466.0 188
262.5623 468.0 188
262.8589 469.0 188
263.1555 470.0 188
263.4686 471.0 188
263.6993 473.0 188
263.9960 475.0 188
264.3091 476.0 188
264.6057 478.0 188
264.9023 479.0 188
265.1990 481.0 188
265.4517 483.0 188
265.7483 484.0 188
266.0449 486.0 188
266.3416 488.0 188
266.6382 490.0 188
266.9513 491.0 188
267.1875 493.0 188
267.4841 495.0 188
267.7917 497.0 188
268.0884 499.0 188
268.3905 500.0 188
268.6212 502.0 188
268.9343 505.0 188
269.2310 506.0 188
269.5276 508.0 188
269.8242 511.0 188
270.0769 513.0 188
270.3735 514.0 188
270.6702 516.0 188
270.9668 520.0 188
271.2799 520.0 188
271.5106 524.0 188
271.8073 526.0 188
272.1094 528.0 188
272.4170 530.0 188
272.7136 532.0 188
273.0103 534.0 188
273.2629 538.0 188
273.5596 540.0 188
273.8562 542.0 188
274.1528 546.0 188
274.4055 548.0 188
274.7021 550.0 188
274.9988 554.0 188
275.2954 556.0 188
275.5920 558.0 188
275.8392 562.0 188
276.1359 564.0 188
276.4325 568.0 188
276.7456 570.0 188
276.9818 574.0 188
277.2784 576.0 188
277.5916 580.0 188
277.8882 584.0 188
278.1244 586.0 188
278.4375 590.0 188
278.7341 592.0 188
279.0308 596.0 188
279.2780 600.0 188
279.5746 604.0 188
279.8712 606.0 188
280.1678 610.0 188
280.4810 614.0 188
281.0138 620.0 188
282.5299 628.0 188
282.7606 634.0 188
282.0300 1668.0 188
282.3267 1648.0 188
282.6837 1636.0 188
282.9803 1624.0 188
283.2770 1616.0 188
283.8867 1612.0 188
284.1833 1610.0 188
284.4800 1604.0 188
284.7766 1598.0 188
285.0732 1594.0 188
285.3864 1596.0 188
285.6830 1600.0 188
285.9796 1606.0 188
286.2762 1610.0 188
286.8860 1614.0 188
287.2485 1482.0 188
287.5452 1468.0 188
287.8418 1458.0 188
288.1384 1454.0 188
288.4351 1452.0 188
288.7482 1452.0 188
289.0448 1452.0 188
289.6381 1450.0 188
292.8571 469.0 188
293.2141 462.0 188
293.5767 453.0 188
294.3402 427.0 188
294.7028 421.0 188
295.0598 416.0 188
295.3564 413.0 188
295.6531 410.0 188
296.0156 407.0 188
296.3123 404.0 188
296.6693 403.0 188
300.3278 222.0 188
300.7343 219.0 188
301.0913 217.0 188
301.4484 215.0 188
301.7944 213.0 188
302.1075 212.0 188
302.4646 211.0 188
302.8107 209.0 188
303.1677 208.0 188
303.4644 208.0 188
303.7775 207.0 188
304.1235 206.0 188
304.4366 205.0 188
304.7333 205.0 188
305.0903 204.0 188
305.3870 204.0 188
305.6836 204.0 188
306.0461 203.0 188
306.3428 203.0 188
306.6394 203.0 188
306.9525 202.0 188
307.2491 202.0 188
307.6062 201.0 188
307.9028 201.0 188
308.1995 201.0 188
308.4961 201.0 188
308.8092 200.0 188
309.1058 200.0 188
309.4025 200.0 188
309.6991 200.0 188
309.9957 200.0 188
310.3088 200.0 188
310.6714 199.0 188
310.9680 199.0 188
311.2646 199.0 188
311.5613 199.0 188
311.8744 199.0 188
312.1710 199.0 188
312.4677 199.0 188
312.7643 199.0 188
313.0774 199.0 188
313.3740 199.0 188
313.6047 200.0 188
313.9178 200.0 188
314.2145 200.0 188
314.5111 200.0 188
314.8077 200.0 188
315.1208 200.0 188
315.4175 200.0 188
315.7141 201.0 188
316.0107 201.0 188
316.3239 201.0 188
316.6205 201.0 188
316.9171 201.0 188
317.2137 201.0 188
317.4664 202.0 188
317.7631 202.0 188
318.0762 202.0 188
318.3728 202.0 188
318.6694 202.0 188
318.9661 202.0 188
319.2792 203.0 188
319.5758 203.0 188
319.8724 203.0 188
320.1691 203.0 188
320.4822 203.0 188
320.7788 203.0 188
321.0754 203.0 188
321.3721 203.0 188
321.6852 203.0 188
321.9818 203.0 188
322.2784 203.0 188
322.5751 203.0 188
322.8882 203.0 188
323.1848 203.0 188
323.4814 203.0 188
323.7781 203.0 188
324.0912 203.0 188
324.3274 204.0 188
324.6240 204.0 188
324.9371 204.0 188
325.2338 204.0 188
325.5304 204.0 188
325.8270 204.0 188
326.1401 204.0 188
326.4368 204.0 188
326.7334 204.0 188
327.0300 204.0 188
327.3431 204.0 188
327.6398 204.0 188
327.8870 205.0 188
